#Expression="Expo(scale = 1.0)", ExpressionName="Just a Expo Distribution"
#ReplicationNumber=1
0.7919853260480895
0.49579571812780837
0.8937385938626579
0.5357916177332854
0.005206714571789589
0.2792102102482689
0.9830427605132469
0.1354162838540775
1.7095311004320952
0.27952503999717854
1.3022328626070623
0.6627299607264696
0.14539492145960833
3.2806877165300876
0.1838319073487593
0.02078718585460405
0.2136454941856032
0.7689235676489045
0.0009892432528185988
3.810503344048842
1.780868318944946
0.16184639835469722
0.4390572674601557
0.46577406773190555
0.2121161911070875
0.09001895912910733
1.1040929417909162
0.7154024087904396
0.770902984927462
1.7933789632775299
0.728413717372798
1.4581420257748614
0.19029219588503368
0.3816141289555001
0.22980103365258428
0.9445377015372729
0.3628295991638018
1.7339107453612277
1.046022665135071
0.6148023507133852
1.1098714852373068
1.4722464536079554
0.2947571628424152
0.39412755573876657
0.9245775847041429
0.10357538775123486
0.04879551128212954
0.7601929583712878
0.25267176145289855
1.903775426301673
0.039790353549430134
0.47755997868243577
0.7421194698481131
0.1781109115639766
0.6406525067856698
2.1853381521577004
0.49818002242034615
0.4208295014165366
0.7733796273071524
0.5950394635361708
0.0928148188222336
0.2798380589053991
0.06879816182609408
0.47205538923670015
0.2079737522883647
0.9974443555066979
0.24464670071858158
1.25960700228758
3.363537449743709
1.8547937002878343
0.2506197803112109
0.0847374294060805
0.18397465523630596
0.02867091325531635
0.9437839709971391
0.8594550151578656
0.15614608954379494
0.10685177053061255
0.3305304458607125
0.5908382443666068
1.8769785000848915
0.5885896159959488
0.19143996795594553
1.417952382557225
0.4212408275481071
0.6159367430105893
0.7301682021363923
0.07671672527313309
0.6247136973793214
0.2490833987334071
0.46719481342521957
0.2450611844276825
1.96216567663828
0.133464617164226
0.5605701197894963
5.370227632906495
1.0548740293588426
1.783514043880889
0.4576392788828778
0.4896722067418341
2.740915758874561
0.8696462046484152
0.6164656678010367
0.6004704248091466
1.4127239206874012
0.7479264400702881
0.6101784244824366
0.47982958288328725
4.3453761076391535
1.178336422310124
2.7014281629995622
0.38962118169917764
0.11451769339313224
0.1792232850834699
1.4419868124539066
1.0853207637676359
2.9523738528802013
0.11513846335777259
2.2615036054612427
0.060972651250985416
0.08233006759240097
0.5167638486282841
0.37707941083318436
0.3714811511604046
0.19253911370477977
1.533717335564008
0.9818950066985304
1.9052659502924287
1.3860348549700643
0.21630801319945847
2.2034987810714664
0.03008517153083666
0.5199979491833117
3.911915257370804
0.665937993397948
1.6343756347081317
2.212734846885978
2.449871435907815
0.7737694726007015
0.41853876281194596
0.49973463276997504
0.12359905347378242
4.1488995936130095
0.272863615971945
1.2944083984111778
0.6917338800942843
0.9645176482449656
0.1426429056879032
0.036595115687687356
0.33105776047689384
0.05771789808591621
0.03301721005066414
0.9260283660804206
0.7496233973864302
0.08288182687990912
1.0721395562929221
0.7561639201845975
0.6176843236977445
1.0142052771288559
0.7021990574432296
1.175128034135375
0.27734541416105724
2.5401701628362057
3.429763250118894
1.9346328407495152
0.04304448463115762
0.813795932210795
0.9987341407001823
6.13824447032074
0.6741741012440919
1.420076024502933
2.4561476504064017
0.2670236303296712
0.2185281203653757
0.6697249167804937
0.18109786298540353
0.7549031801447761
0.6750540700977674
0.2737846049336219
1.3439157021483872
0.38938891864694125
0.1731507579875338
0.3409148304740296
0.6248071253186023
1.471770450718776
0.08864561916852468
0.5045038843821521
0.9420849659122789
0.03773110086119879
0.12018652641648195
3.2347114024569503
2.7292915430267946
0.8922381286767651
0.053123557280241145
0.48725311010638694
0.053293207326004226
0.2938657109145085
2.072144747679641
0.13257532662579322
0.6566957992038619
0.42703000944772185
0.14993977902848996
0.4057772308609989
0.22904299549704155
0.5820092969174636
0.2945954219466051
0.0663129436707742
0.005879169226613881
1.3548256399588186
0.9421057948519963
0.3062667426881813
0.8884326044709715
0.05943628173104774
0.5323657721738173
0.3517140024631117
0.12572494267897436
0.2734879923248358
1.0107990684713366
0.17024343161786135
2.385535273830477
0.12641615280357746
0.5395925770463766
0.9924108954436631
0.6024829594701115
2.7679929797530085
2.664830116461789
0.01882903230646675
0.4854305621140932
0.8264257679891892
0.8960578164518397
0.9411983107463102
0.7711243754846091
0.9035829599468351
1.6479584516443144
0.23077935329464672
0.8089600296304165
1.1592212417328889
3.6919202806133806
0.4389348764940935
0.8222649228084732
0.4654039803029679
1.7858172063094357
0.49765468091807746
2.191587625963393
0.6006080715560143
0.502721089420845
0.1306584964970641
0.2382997918521465
1.6462803634187209
0.19384497115768576
0.03179949655645641
0.9777319775710226
0.6833347323591779
0.5998820005310977
0.2860475101573697
2.3842656308988444
0.6265693909237968
2.9930781435034075
0.2753860335627016
0.07154970815671177
1.3204282619171652
0.3457086569021861
0.8132334412495198
3.7972845522645517
0.20241973812892877
0.04828978107759851
2.5383497524189393
0.6409407610424507
0.8462608760996129
0.42529016638732015
0.571585894778913
0.7713966950075125
0.5690581748453261
0.3433961944962691
0.09746035104261248
0.22866162144804633
0.616854048562555
2.3201098830472215
1.347277028407363
1.4608002537461962
0.5440724547118292
0.7306838762941891
0.12454618599481632
0.27506215991867816
1.392824102835551
0.42095161729103275
0.35767506894252027
8.054197945109678
1.1709769887353323
0.775260425088968
0.6398311182440116
0.14363777620056176
0.6933362967021129
0.30872062993116534
1.1681980022326182
0.13297294429582449
0.3488745295394323
1.1600317122519732
1.3664818002866328
1.3021859743567803
1.7483287155928513
0.16079337346176326
0.042566466988949836
1.5861530281995888
0.1413730057721426
0.034228513773700966
0.9819028728599991
0.11580225327064353
2.573690659110672
0.247536322246737
0.45509960973461366
1.3821558858891183
5.126596659992645
0.6254652659195851
0.2890767527233551
0.030091129382301855
2.4334953856164905
1.1827235201532462
0.7023277052386148
0.8783630083221882
0.30867391294225177
1.4513383939637832
1.6046097648375242
1.1299386765085153
0.20599275037267378
0.1628867824168206
0.5050101278290205
0.9943410638229312
0.6380254676592483
0.047410902515593406
0.9081231253250177
0.6524783447512742
1.0982626035798424
1.2873796018695904
0.3830613390292216
1.897165546854361
0.6682474504312149
0.4708750537428249
2.656753729271324
0.3775604362945525
0.5128587990585661
0.40188735913960205
1.725707505913593
0.5248521483054654
2.9895393095735026
1.6482630642943878
0.2290169939013399
1.6830848613558045
0.5835818842433402
0.5046858934304298
1.767965398797522
0.8439624754572701
0.5217438673729754
0.23138527560843364
0.7256676058205723
0.3958706942851214
2.9748009120093553
0.9510846240100551
2.033688629935773
0.028051305600620902
0.5861044067938975
0.9142235421329418
0.4623535962676818
0.07781246561564813
0.8233220389592761
0.605732699539595
2.8326549226599584
0.3990351386926851
0.5099204376821513
0.8668749220326869
0.6357386640273481
2.350941127344802
0.275659256211272
0.8381849235729044
1.4874789680467715
0.9651530742408732
0.02318478482267251
0.4843342348277841
0.7864297238930043
1.5052678481391206
0.2669177885470671
0.8519435961385892
0.7223413497340329
0.2508964406673131
0.12978832640138385
1.3582607231865231
0.10361564855175855
0.23490296824339643
0.5447555103864176
1.1657661656894867
1.9851741361626845
0.8097846154383015
0.7881209174608749
1.9221775891459891
0.6139494933327756
0.6323864753921734
0.3221794640482268
0.07895031557452668
0.4779970364418475
0.9566658184110161
0.20875902374790278
0.3717444509765826
1.0723114160065708
0.9150662886729461
0.3882824692436634
0.6053626974664136
1.1535654098764265
0.5610078819179725
0.5075568841661411
0.49531754623983637
0.12096056736084587
1.928814828998367
0.1492881490595127
0.33323297761054227
1.1093906187590403
1.2855934222136982
0.22505989239350296
0.21690548955121858
0.35827837670819757
0.29695496811537825
0.9293807211070886
0.5099161991420856
5.735902317573626
2.0525948129357894
0.5651437980283309
2.0725131231699407
0.17222771073937232
0.3159503609925881
0.10803974957399132
0.32718390422032007
0.8277371117546102
1.4926723244290385
1.5502963493376347
0.311951940734036
1.095253680803262
0.059889573438855065
1.2622676354505955
2.0020542284827383
2.2434175032080916
2.220296110486767
0.6138560588731543
0.5387913354015758
0.9793035118152357
1.8803676981808801
0.42572340171631107
0.2221865139147359
1.0608190941671192
1.0845895890237973
0.7133696060335993
0.5747466675827985
1.0564800711117006
1.700535312834382
0.9904958170855009
0.2636238615652748
0.4064339097819171
0.5236632579968269
0.9101553312775038
5.921031050452636
1.461371533702394
1.2508421793713538
3.5080768790718606
0.9572971640996141
1.5987546925513125
0.3075517657285756
2.21200212826685
1.7220298555214022
0.45490017364077295
0.5253159954873692
1.4167479290421272
0.07744983299325685
1.1692635212930702
1.6822934620797634
2.8797791138040476
3.227577414913614
1.1311102257757395
0.13686120043867578
3.571168439070996
1.7650643889944035
0.32450924659782876
0.3448286068892534
0.326052977487022
3.3324002049018593
2.982861680421247
1.469042721850989
3.294338223254899
2.1274448183528194
0.4064997041586914
0.6085285546425115
0.23042722616493022
2.2816574387693858
1.0898184279116017
0.2682553971090226
1.6340044598323016
0.7218091716350564
0.02458381903235478
0.03123614383421535
0.41209576904687983
0.35568687355822537
0.1368811055863311
0.3543795282703426
0.9117556219894312
1.7951193357606932
0.20471374773710682
0.13250736190633722
1.636763892334937
0.10006261767542184
1.1311766289667733
0.5913227508770427
0.3074452630410176
0.5264564897343973
0.9138651911375173
0.21094281267428885
0.7122001402640796
0.5081126680285097
0.4974204688020035
0.26605783282911916
1.245476761590949
0.7364673164692197
0.15066284219305712
0.25160566287794395
1.015256069437361
0.43421617653910816
1.0230997981882668
1.8926766314299417
0.9528967077389954
2.1112925057339567
0.4392537519797866
0.07099599416472228
0.2470031735433913
0.5187869237399211
0.46230883016382296
0.3504489781799874
0.04157052545535284
0.8498611797628816
2.2501675616520656
0.8070003222355507
0.15984892874669096
1.3672183944702996
0.8952783429373776
3.7593827134847975
2.185615085664279
0.5059681727890342
0.6638449618352739
0.21858343782121517
0.25144897060021854
0.40173148439100204
0.32245079450538033
0.9193378453752297
1.9491108082023898
0.1386871803168334
0.36088323933118643
0.11966971095252416
2.0633371978975874
0.2503445687917117
0.8214030101418737
0.039804803576035955
2.6800176987438147
0.23174960201895148
0.6246974263762367
0.4162064317161135
0.3717800807041117
0.921621733589213
1.8903439849980799
2.5595389630772494
1.2044672773140643
0.21456121078471727
0.7449575502908935
1.4862150872621172
0.35840177010625557
0.1200331638459993
1.3271394897625748
1.1806342687797464
0.18307511461986783
0.5141334508527946
1.0508693304700891
0.8668416706150863
1.4117844436338367
0.442683009906831
1.9553639223702937
0.6103926803143152
0.9626799754333982
0.0654795932204502
1.9186601044288314
2.0944095994781207
1.644897346002262
0.8962772707188074
0.5517819631481966
1.9845817227369138
0.032409010406295576
0.22263555016966627
0.384354520695534
3.1529045155415925
2.301319461141803
4.091030397313824
0.8687953414513402
0.14095036572624678
0.09615070457235471
0.03837583383225469
0.25742455790946894
0.1530704473988758
0.2734616347626083
1.5504168339915065
0.4506041802602572
1.639847737120632
0.1501668037285922
0.5642310734853092
1.4918851621421025
2.3767028061411204
1.1467504562193058
0.19383625758494194
1.547215991258088
3.8894370143646526
0.1927582304844675
0.24652044720253533
2.1136885390687317
0.15531701741341883
3.4052023019171047
0.5618591759604574
0.27486885738472466
0.23972918128514425
0.42820929790110723
0.5104202262849946
0.3503604769175608
1.8741235571920545
0.21039810711875068
0.06447660501455138
2.517220937769265
0.8639506645072355
0.7572514816494379
2.668503183276759
1.069965551933294
1.5444026742463668
0.7375798574102194
1.7154456851467978
0.7859363401590923
0.20598620281811375
0.18786188730088674
0.23774254172438655
0.24613747470190797
1.7352215662585346
3.179590646814973
0.7052813878910836
0.3112484033634483
0.7685556604506384
1.3542434118827245
0.3660412023856904
1.0052070048811705
0.05972952737100154
0.05251242157257089
0.042311190868321746
2.9758243231406154
0.07172730057877759
0.5522740406146055
0.6941236526572107
0.9868759691129511
0.6475823805022605
0.3075052247988329
0.4732663742890613
0.07541641244126408
2.2907890874020143
1.6638633016702313
0.8763220709077862
0.30760493254053795
0.9936719788827068
2.6631004898199926
1.959500906278136
0.13952047540741597
0.1428901232829918
2.3340260485411926
1.581423028774709
0.8845023573691404
5.491943308283978
0.4890572366936021
0.5417573164500447
0.5127778927073838
1.0118086248603935
1.6200974912591068
0.5219232701212346
2.877190509060101
1.0138210065176612
1.197171588249216
2.042625496026808
0.21771701561120857
0.40794446477123086
1.3256718975323716
0.6696261813817265
2.797775039209507
0.04866428900812505
2.473130236280165
0.059147069697672056
0.3767646971749476
0.000591597002521063
1.5396888656084988
1.0149590865281972
2.855144518800068
1.2157074312652933
2.4610924428709
0.4808501455650364
0.2642030306373875
0.4294416932664984
0.6186577935341413
1.836554951046566
0.056525138319882984
1.4316190693892605
0.4409718046179837
0.17510967088376936
0.05058822592333109
0.9306740507471666
0.4985801787300905
0.7910895404822155
0.33172675427060594
1.5403240891086072
1.0278479926919646
0.461288478836494
0.16023439838312045
0.2688353285999095
0.6634970696469586
1.6050252666226232
0.7124193974346691
0.012022143704701187
0.2214021231546248
0.21656083753466018
0.17668211621360455
1.598147089878353
2.1164948660260636
0.2831055881599027
2.8224927353755427
0.019169256747392015
2.3413414572908335
1.1140721497206765
0.28047784769357514
1.1681319197600255
1.1860332870266452
1.9810774622149534
1.0304373523839676
0.1832496003721056
2.338479090662306
0.9575158409026614
0.9526351392151298
0.7562657875521032
0.1379553920706952
0.542643245152964
0.5558785057578197
0.29206814195017394
0.4290284370107796
0.45587095819274115
1.831629570117538
1.290469817541131
1.0042163584627846
0.8724486121325772
0.8477558228181885
1.2327245266382412
0.2747458285750575
0.39513718040436285
0.5077359810565687
2.3333900229052538
3.223558272967103
1.0945919359636376
1.3208459324991177
1.7931418699659145
2.017460439120098
2.245063815979538
0.4880662097153235
1.9821166965666164
3.995339539124555
0.2231327218344996
0.022877558990537398
0.027874500624587396
0.3753390452691507
0.6018405760497991
0.35650738680671873
0.07278809766279265
1.6719529170501968
0.27709589845423477
0.21778438880259282
5.596416288308223
0.3610568159646764
0.7706511468263259
0.12585190057980508
0.6021792573947657
0.9831954439337514
0.9237315611080792
0.17675163347691208
1.4568294146686624
0.26742450078419716
0.18875032842945866
1.3316667883292925
1.2383324440581642
0.2654500468583861
0.6397427194128168
0.5088049955919822
2.1612266313042485
0.4274359883989565
2.234001161175687
0.11633759653734795
0.49685968325626606
0.19522007087751173
1.3899535879252132
0.8885062367754007
2.8990711020417814
1.9309167656857276
0.4702910571776198
0.23436832951058534
0.9937093045597342
0.3676653208702332
0.25387145852880705
1.9437839445952194
1.4643320606149097
0.7918442515401962
2.2222325350450323
2.851869140466792
0.4322238161158337
0.08001721795304213
2.0948281314105897
1.510894631680652
0.4108375561605919
1.702310498697522
1.3761272127438977
1.1840016343032422
1.760351245163224
2.7906534346011393
0.17238585040410453
1.3614192308979143
0.22017007138767514
0.06172441461559907
1.0236444162398275
0.21141504069154127
0.026897852694927706
0.30718157498497
0.8573527718141128
1.1917132666392596
1.0441811415168416
0.09909935298389114
1.758688900655236
1.900252826644141
2.2709105944591417
0.6664866413667286
0.9239427900357914
0.41519432851617444
0.323001736149738
1.2727279513379113
1.720543100316137
0.04366906917883736
1.3177197738181095
0.5902886231202159
0.2254994099363734
0.4474273537183244
0.9813443523955007
1.6422297166599817
0.031999452553693394
0.28874285526695853
0.7400650295230459
1.5671130163829567
3.0943097737839533
1.6697090623132098
0.16287205597130727
1.6200951342810357
1.412500670656598
1.3643541815049212
2.3709215847538303
2.302575900319505
3.5426650697467497
0.706892705393381
3.31248930169775
2.7640625636582437
0.8280504450107866
2.0394395748781373
0.12672505063401532
0.8421686034952491
0.1104758313291659
2.7901809137288556
3.2153145018438374
0.6551934630455937
0.10307256233672464
0.9042421708177298
0.052206155905074145
0.2576848164741619
1.0130794932446594
0.7447382560829318
0.5596982698817937
0.8951114353140153
2.674032388787127
0.32936047558590614
3.8425915693170913
0.44201363994172793
1.7624512049370802
1.5514753412173428
0.5985858529987799
0.3583692113938782
1.8857932043438712
0.8000574164598429
0.8422078375495775
0.9009241462041099
0.9623559741904201
0.18996411695368787
0.16825422532719067
1.2998266199857273
0.3826639755538945
4.075886189314938
1.774904351480083
0.08071690779269612
0.6516868586314506
0.7091651729960047
0.40339384586883603
0.40587555582921064
0.3253428560430697
1.1774817121229684
0.6900176928534189
1.633794407660889
0.018062579298337374
2.164863079633168
0.05825186147425295
0.5543569436195059
1.8276343599237668
1.03620625310209
0.06411176855242573
2.17552458618018
2.1236177856821596
2.418214734268934
0.5700206140488429
0.25484477844780246
1.3809127051340915
0.06325161993851154
0.851151415596534
1.2516675620652105
0.5577820772522412
1.4864745139023288
1.6279511787064331
1.3425465202662819
0.21290986445164897
0.41670006018530853
0.3203248550122271
1.3808298203376759
0.20822814422591882
0.15624417008874528
2.2019328264953564
1.5127454116349695
0.5330793694143996
1.017797930664821
2.405232074979191
0.8318241317657207
1.2367173098703377
0.34439673021289946
0.5644908524635514
0.17893339416481768
2.094627188841686
0.7470749636249743
0.5615183606046271
1.7112973782420977
0.13443486445725752
1.757890329771972
0.8959048248986702
0.3203166475053438
0.22839223886757953
0.11418773448973728
0.635802160078203
0.21098840454120057
1.2263223001429318
0.5629754947947025
0.8288598362588315
0.7684407434001237
2.73487011420591
0.6092057727382333
2.853072731417107
1.5865558735942473
2.1563947038901317
1.0806977516102725
0.7557968169098367
7.337420136051855
1.0542957491232867
2.758030987151605
0.5106876864945089
1.020196452045049
1.4682908953874096
0.497888691759809
1.792851896905123
2.8283844750173075
0.5945415884701125
0.8393668255679706
3.529628218315443
2.327316496753979
0.9981826602433793
1.883403596595542
2.3255060488049373
2.5781739016509038
0.23670511204540196
0.15577585345903772
0.2984190452677524
0.8487099841005714
0.5852261954095885
2.332362481753047
0.429094528594957
1.1741340573845764
0.8138485683987302
1.0352204576049635
1.755802518000773
0.09654196612472979
1.5225865374288776
0.02914002916809606
1.264540365650398
