#ReplicationNumber=1
4.97802 0.000000
886.743 0.000000
932.102 0.000000
682.418 0.000000
149.096 0.000000
29.3202 0.000000
511.333 0.000000
295.37 0.000000
111.173 1.000000
148.538 1.000000
272.763 1.000000
691.443 1.000000
724.41 1.000000
727.56 1.000000
121.279 1.000000
119.166 1.000000
731.481 1.000000
293.681 1.000000
271.887 1.000000
108.873 1.000000
739.13 1.000000
870.695 1.000000
871.004 1.000000
71.6999 1.000000
886.599 1.000000
679.44 1.000000
899.405 1.000000
478.8 1.000000
302.725 1.000000
329.715 1.000000
413.774 1.000000
435.995 1.000000
448.942 1.000000
468.119 1.000000
469.053 1.000000
475.035 1.000000
299.849 1.000000
480.859 1.000000
510.969 1.000000
298.438 1.000000
514.795 1.000000
187.769 1.000000
526.257 1.000000
527.67 1.000000
554.983 1.000000
900.288 1.000000
42.7729 1.000000
45.6721 1.000000
35.0969 1.000000
3.70317 1.000000
18.3901 1.000000
930.592 1.000000
944.459 1.000000
24.3155 1.000000
25.7564 1.000000
27.8131 1.000000
623.696 2.000000
679.084 2.000000
145.752 2.000000
33.8612 2.000000
418.188 2.000000
624.05 2.000000
412.528 2.000000
622.244 2.000000
156.767 2.000000
157.317 2.000000
158.482 2.000000
420.833 2.000000
38.2157 2.000000
415.011 2.000000
690.531 2.000000
693.258 2.000000
435.38 2.000000
699.239 2.000000
700.757 2.000000
337.788 2.000000
716.195 2.000000
716.602 2.000000
337.195 2.000000
721.282 2.000000
722.499 2.000000
723.568 2.000000
937.517 2.000000
940.351 2.000000
941.949 2.000000
943.965 2.000000
494.292 2.000000
19.7383 2.000000
474.998 2.000000
195.773 2.000000
473.679 2.000000
17.6564 2.000000
510.234 2.000000
23.4371 2.000000
520.266 2.000000
187.641 2.000000
522.767 2.000000
523.203 2.000000
941.766 2.000000
217.836 2.000000
466.435 2.000000
534.435 2.000000
181.857 2.000000
536.307 2.000000
539.268 2.000000
540.704 2.000000
541.629 2.000000
453.043 2.000000
549.613 2.000000
446.919 2.000000
554.538 2.000000
714.126 2.000000
557.846 2.000000
433.494 2.000000
77.6492 2.000000
322.123 2.000000
71.0637 2.000000
762.841 2.000000
763.42 2.000000
321.294 2.000000
276.411 2.000000
882.187 2.000000
770.87 2.000000
278.44 2.000000
280.604 2.000000
309.606 2.000000
282.475 2.000000
760.273 2.000000
308.654 2.000000
307.071 2.000000
304.973 2.000000
781.526 2.000000
869.776 2.000000
80.3045 2.000000
867.739 2.000000
992.985 2.000000
994.139 2.000000
293.05 2.000000
837.892 2.000000
837.524 2.000000
325.939 2.000000
728.997 2.000000
118.501 2.000000
336.251 2.000000
116.405 2.000000
115.038 2.000000
42.6838 2.000000
899.035 2.000000
895.858 2.000000
894.581 2.000000
61.4329 2.000000
893.175 2.000000
112.244 2.000000
48.4926 2.000000
271.456 2.000000
108.302 2.000000
737.061 2.000000
996.601 2.000000
930.512 2.000000
741.182 2.000000
329.53 2.000000
884.716 2.000000
748.045 2.000000
275.465 2.000000
284.43 3.000000
280.369 3.000000
292.621 3.000000
466.082 3.000000
275.444 3.000000
271.204 3.000000
311.644 3.000000
335.346 3.000000
559.868 3.000000
966.453 3.000000
342.516 3.000000
370.307 3.000000
410.636 3.000000
411.291 3.000000
965.638 3.000000
416.427 3.000000
329.478 3.000000
325.45 3.000000
420.658 3.000000
320.709 3.000000
455.292 3.000000
421.646 3.000000
426.815 3.000000
427.647 3.000000
429.932 3.000000
430.671 3.000000
433.44 3.000000
947.662 3.000000
967.852 3.000000
446.877 3.000000
991.524 3.000000
452.016 3.000000
996.232 3.000000
758.238 3.000000
823.41 3.000000
781.137 3.000000
779.215 3.000000
776.728 3.000000
776.341 3.000000
770.761 3.000000
769.87 3.000000
764.489 3.000000
759.37 3.000000
828.867 3.000000
748.798 3.000000
748.386 3.000000
747.522 3.000000
736.728 3.000000
733.454 3.000000
937.292 3.000000
720.585 3.000000
713.909 3.000000
880.333 3.000000
905.31 3.000000
892.917 3.000000
905.655 3.000000
923.196 3.000000
884.617 3.000000
883.401 3.000000
925.053 3.000000
881.914 3.000000
711.545 3.000000
878.726 3.000000
927.56 3.000000
930.453 3.000000
867.552 3.000000
867.104 3.000000
836.892 3.000000
835.582 3.000000
829.439 3.000000
538.562 3.000000
557.043 3.000000
939.929 3.000000
554.268 3.000000
550.324 3.000000
549.246 3.000000
547.889 3.000000
546.561 3.000000
545.131 3.000000
560.143 3.000000
534.008 3.000000
509.317 3.000000
502.413 3.000000
502.186 3.000000
501.555 3.000000
499.483 3.000000
493.89 3.000000
492.557 3.000000
625.893 3.000000
708.675 3.000000
708.261 3.000000
699.153 3.000000
698.717 3.000000
939.784 3.000000
689.255 3.000000
998.618 3.000000
678.503 3.000000
491.73 3.000000
622.022 3.000000
619.87 3.000000
618.801 3.000000
603.021 3.000000
577.147 3.000000
567.394 3.000000
565.501 3.000000
564.208 3.000000
80.1413 3.000000
86.0235 3.000000
172.921 3.000000
200.634 3.000000
217.791 3.000000
177.035 3.000000
177.357 3.000000
17.1847 3.000000
23.0276 3.000000
33.628 3.000000
42.4895 3.000000
48.3304 3.000000
181.561 3.000000
127.564 3.000000
83.0854 3.000000
184.594 3.000000
195.469 3.000000
78.5377 3.000000
77.4293 3.000000
117.641 3.000000
114.188 3.000000
76.6667 3.000000
107.945 3.000000
102.609 3.000000
187.505 3.000000
70.943 3.000000
67.4207 3.000000
66.7123 3.000000
156.529 3.000000
61.1158 3.000000
60.5648 3.000000
58.1639 3.000000
208.518 3.000000
171.413 3.000000
139.842 3.000000
254.845 3.000000
145.665 3.000000
139.468 3.000000
165.539 3.000000
137.639 3.000000
165.748 3.000000
379.938 4.000000
465.48 4.000000
783.417 4.000000
486.986 4.000000
487.99 4.000000
828.573 4.000000
83.0276 4.000000
461.909 4.000000
615.916 4.000000
84.612 4.000000
60.4221 4.000000
865.058 4.000000
507.951 4.000000
461.561 4.000000
612.145 4.000000
780.251 4.000000
754.19 4.000000
483.986 4.000000
583.494 4.000000
809.442 4.000000
485.751 4.000000
891.107 4.000000
618.773 4.000000
66.3859 4.000000
822.727 4.000000
486.089 4.000000
70.5522 4.000000
876.189 4.000000
104.403 4.000000
73.5623 4.000000
208.275 4.000000
75.5903 4.000000
830.68 4.000000
879.91 4.000000
202.486 4.000000
878.524 4.000000
437.443 4.000000
498.311 4.000000
766.242 4.000000
428.325 4.000000
429.661 4.000000
217.277 4.000000
431.921 4.000000
768.928 4.000000
497.429 4.000000
496.488 4.000000
576.919 4.000000
425.353 4.000000
200.31 4.000000
835.466 4.000000
840.942 4.000000
839.82 4.000000
490.325 4.000000
444.489 4.000000
445.772 4.000000
446.471 4.000000
776.232 4.000000
758.979 4.000000
491.159 4.000000
757.085 4.000000
409.622 4.000000
831.998 4.000000
607.524 4.000000
101.484 4.000000
606.337 4.000000
456.55 4.000000
605.031 4.000000
755.548 4.000000
163.128 4.000000
602.764 4.000000
209.231 4.000000
100.239 4.000000
195.367 4.000000
371.552 4.000000
575.907 4.000000
198.449 4.000000
834.354 4.000000
963.238 4.000000
292.473 4.000000
974.675 4.000000
974.209 4.000000
172.837 4.000000
971.439 4.000000
970.588 4.000000
703.897 4.000000
967.491 4.000000
165.35 4.000000
965.26 4.000000
311.562 4.000000
975.054 4.000000
706.02 4.000000
960.755 4.000000
960.026 4.000000
959.206 4.000000
958.043 4.000000
957.798 4.000000
707.927 4.000000
320.264 4.000000
176.635 4.000000
57.3003 4.000000
325.055 4.000000
144.371 4.000000
166.256 4.000000
564.176 4.000000
10.0554 4.000000
565.438 4.000000
677.481 4.000000
991.387 4.000000
264.971 4.000000
265.457 4.000000
145.519 4.000000
267.836 4.000000
268.094 4.000000
711.44 4.000000
171.015 4.000000
256.477 4.000000
254.654 4.000000
689.199 4.000000
552.664 4.000000
140.977 4.000000
551.628 4.000000
696.128 4.000000
696.394 4.000000
976.666 4.000000
137.155 4.000000
187.214 4.000000
126.67 4.000000
923.051 4.000000
544.534 4.000000
531.943 4.000000
355.501 4.000000
185.162 4.000000
736.728 4.000000
359.411 4.000000
114.103 4.000000
360.866 4.000000
107.713 4.000000
533.654 4.000000
190.722 4.000000
807.608 4.000000
370.111 4.000000
745.823 4.000000
155.615 4.000000
104.865 4.000000
374.555 4.000000
621.55 4.000000
56.771 4.000000
376.401 4.000000
927.395 4.000000
329.081 4.000000
180.073 4.000000
334.674 4.000000
16.6164 4.000000
21.3004 4.000000
181.056 4.000000
33.4511 4.000000
342.265 4.000000
41.8354 4.000000
344.648 4.000000
720.29 4.000000
926.498 4.000000
53.0436 4.000000
183.914 4.000000
797.065 5.000000
788.798 5.000000
788.56 5.000000
788.78 5.000000
796.973 5.000000
794.146 5.000000
750.396 5.000000
792.93 5.000000
795.471 5.000000
795.884 5.000000
792.556 5.000000
790.697 5.000000
798.139 5.000000
796.602 5.000000
792.415 5.000000
133.68 5.000000
743.524 5.000000
107.417 5.000000
736.444 5.000000
124.214 5.000000
125.461 5.000000
126.459 5.000000
129.022 5.000000
129.083 5.000000
720.071 5.000000
131.283 5.000000
132.068 5.000000
132.172 5.000000
132.698 5.000000
133.523 5.000000
744.231 5.000000
135.424 5.000000
705.627 5.000000
704.415 5.000000
703.678 5.000000
136.446 5.000000
695.401 5.000000
143.313 5.000000
143.931 5.000000
688.461 5.000000
152.449 5.000000
677.083 5.000000
676.415 5.000000
675.358 5.000000
674.38 5.000000
765.896 5.000000
786.882 5.000000
786.433 5.000000
785.658 5.000000
91.4474 5.000000
92.2757 5.000000
92.3015 5.000000
93.4697 5.000000
94.3321 5.000000
776.014 5.000000
775.373 5.000000
772.171 5.000000
96.3382 5.000000
96.6451 5.000000
96.761 5.000000
786.976 5.000000
97.1462 5.000000
98.8073 5.000000
99.1552 5.000000
99.9353 5.000000
755.231 5.000000
753.722 5.000000
753.424 5.000000
752.009 5.000000
751.357 5.000000
826.996 5.000000
104.264 5.000000
745.806 5.000000
745.082 5.000000
744.329 5.000000
52.9958 5.000000
917.362 5.000000
920.386 5.000000
920.62 5.000000
921.186 5.000000
921.938 5.000000
923.045 5.000000
55.3775 5.000000
54.3107 5.000000
916.33 5.000000
52.8772 5.000000
51.3282 5.000000
51.309 5.000000
32.2457 5.000000
950.193 5.000000
950.876 5.000000
951.62 5.000000
911.349 5.000000
890.584 5.000000
65.8518 5.000000
65.8157 5.000000
56.1474 5.000000
907.734 5.000000
908.966 5.000000
909.164 5.000000
911.135 5.000000
952.211 5.000000
911.588 5.000000
911.593 5.000000
914.201 5.000000
915.009 5.000000
915.036 5.000000
915.308 5.000000
916.303 5.000000
988.817 5.000000
982.129 5.000000
982.948 5.000000
983.219 5.000000
983.487 5.000000
985.724 5.000000
986.427 5.000000
987.106 5.000000
988.736 5.000000
981.816 5.000000
988.984 5.000000
991.202 5.000000
11.934 5.000000
11.2505 5.000000
9.92096 5.000000
8.6259 5.000000
7.72252 5.000000
75.1465 5.000000
980.101 5.000000
978.545 5.000000
976.569 5.000000
976.171 5.000000
972.343 5.000000
970.54 5.000000
13.2019 5.000000
14.4492 5.000000
15.5445 5.000000
962.118 5.000000
957.439 5.000000
956.201 5.000000
955.02 5.000000
953.972 5.000000
952.499 5.000000
826.333 5.000000
815.967 5.000000
816.896 5.000000
817.61 5.000000
819.395 5.000000
820.444 5.000000
821.036 5.000000
822.452 5.000000
90.216 5.000000
815.9 5.000000
826.714 5.000000
634.409 5.000000
828.188 5.000000
90.0725 5.000000
89.8702 5.000000
89.0622 5.000000
88.0821 5.000000
807.018 5.000000
800.21 5.000000
801.506 5.000000
802.705 5.000000
803.322 5.000000
803.896 5.000000
804.628 5.000000
804.855 5.000000
805.751 5.000000
86.984 5.000000
809.242 5.000000
810.135 5.000000
811.093 5.000000
811.222 5.000000
811.771 5.000000
813.83 5.000000
814.35 5.000000
861.651 5.000000
853.268 5.000000
854.137 5.000000
855.513 5.000000
856.136 5.000000
857.068 5.000000
858.174 5.000000
858.287 5.000000
861.394 5.000000
852.821 5.000000
862.107 5.000000
862.288 5.000000
862.837 5.000000
863.943 5.000000
864.593 5.000000
875.627 5.000000
878.502 5.000000
799.859 5.000000
852.337 5.000000
851.222 5.000000
851.186 5.000000
850.369 5.000000
848.308 5.000000
848.188 5.000000
848.101 5.000000
847.143 5.000000
845.997 5.000000
845.525 5.000000
844.941 5.000000
844.138 5.000000
843.39 5.000000
843.173 5.000000
841.572 5.000000
390.457 5.000000
382.753 5.000000
382.835 5.000000
385.102 5.000000
385.286 5.000000
385.368 5.000000
386.025 5.000000
387.711 5.000000
387.809 5.000000
388.219 5.000000
382.57 5.000000
390.67 5.000000
391.456 5.000000
392.637 5.000000
392.86 5.000000
393.709 5.000000
395.542 5.000000
395.765 5.000000
397.776 5.000000
398.485 5.000000
229.217 5.000000
360.717 5.000000
363.228 5.000000
363.234 5.000000
364.792 5.000000
365.425 5.000000
365.733 5.000000
368.438 5.000000
368.641 5.000000
369.722 5.000000
398.58 5.000000
370.888 5.000000
373.868 5.000000
374.253 5.000000
376.163 5.000000
376.322 5.000000
378.766 5.000000
379.735 5.000000
379.807 5.000000
381.854 5.000000
217.201 5.000000
225.68 5.000000
225.476 5.000000
224.562 5.000000
223.066 5.000000
222.552 5.000000
424.587 5.000000
425.192 5.000000
221.757 5.000000
221.275 5.000000
226.163 5.000000
216.98 5.000000
215.22 5.000000
214.167 5.000000
439.193 5.000000
440.103 5.000000
441.293 5.000000
442.736 5.000000
442.863 5.000000
443.157 5.000000
406.299 5.000000
399.216 5.000000
399.581 5.000000
401.188 5.000000
401.643 5.000000
401.763 5.000000
402.626 5.000000
403.267 5.000000
404.314 5.000000
404.91 5.000000
359.019 5.000000
406.448 5.000000
407.672 5.000000
408.289 5.000000
408.328 5.000000
228.319 5.000000
228.103 5.000000
228.071 5.000000
227.716 5.000000
246.294 5.000000
287.194 5.000000
287.57 5.000000
288.223 5.000000
288.486 5.000000
288.544 5.000000
289.738 5.000000
249.663 5.000000
249.21 5.000000
247.556 5.000000
250.015 5.000000
246.246 5.000000
246.088 5.000000
245.697 5.000000
243.902 5.000000
243.236 5.000000
242.421 5.000000
242.153 5.000000
240.939 5.000000
314.035 5.000000
267.537 5.000000
259.501 5.000000
261.088 5.000000
261.11 5.000000
261.956 5.000000
262.48 5.000000
263.249 5.000000
263.959 5.000000
264.85 5.000000
267.34 5.000000
314.706 5.000000
259.061 5.000000
258.185 5.000000
253.493 5.000000
253.48 5.000000
252.669 5.000000
251.483 5.000000
250.835 5.000000
250.492 5.000000
352.089 5.000000
341.587 5.000000
231.083 5.000000
344.34 5.000000
346.503 5.000000
346.556 5.000000
347.043 5.000000
347.499 5.000000
347.778 5.000000
350.715 5.000000
340.101 5.000000
352.13 5.000000
352.258 5.000000
352.789 5.000000
354.785 5.000000
355.278 5.000000
355.486 5.000000
357.32 5.000000
357.646 5.000000
358.301 5.000000
236.511 5.000000
315.892 5.000000
316.724 5.000000
317.323 5.000000
318.358 5.000000
319.892 5.000000
239.96 5.000000
238.69 5.000000
238.66 5.000000
237.887 5.000000
214.069 5.000000
236.073 5.000000
235.281 5.000000
234.895 5.000000
233.952 5.000000
233.648 5.000000
232.373 5.000000
232.133 5.000000
339.921 5.000000
259.061 5.000000
155.291 5.000000
153.879 5.000000
628.146 5.000000
629.652 5.000000
629.748 5.000000
630.851 5.000000
630.873 5.000000
633.251 5.000000
633.731 5.000000
162.411 5.000000
635.388 5.000000
635.678 5.000000
636.691 5.000000
636.897 5.000000
638.594 5.000000
639.229 5.000000
640.33 5.000000
640.698 5.000000
640.808 5.000000
610.714 5.000000
599.103 5.000000
600.736 5.000000
600.901 5.000000
601.911 5.000000
604.795 5.000000
606.95 5.000000
609.104 5.000000
609.605 5.000000
610.221 5.000000
642.799 5.000000
611.735 5.000000
612.438 5.000000
614.535 5.000000
614.816 5.000000
615.121 5.000000
617.669 5.000000
162.872 5.000000
162.579 5.000000
665.917 5.000000
657.623 5.000000
657.706 5.000000
657.884 5.000000
661.342 5.000000
662.285 5.000000
662.677 5.000000
662.782 5.000000
662.927 5.000000
664.221 5.000000
657.21 5.000000
667.184 5.000000
667.673 5.000000
668.173 5.000000
668.216 5.000000
670.521 5.000000
671.547 5.000000
671.742 5.000000
672.5 5.000000
672.617 5.000000
648.866 5.000000
642.963 5.000000
643.62 5.000000
643.757 5.000000
645.069 5.000000
646.41 5.000000
646.417 5.000000
647.124 5.000000
647.343 5.000000
648.802 5.000000
597.92 5.000000
649.785 5.000000
651.99 5.000000
652.218 5.000000
652.282 5.000000
653.719 5.000000
653.785 5.000000
655.379 5.000000
656.81 5.000000
193.433 5.000000
485.751 5.000000
490.268 5.000000
200.022 5.000000
199.508 5.000000
197.903 5.000000
506.097 5.000000
506.669 5.000000
507.721 5.000000
194.995 5.000000
485.314 5.000000
193.239 5.000000
192.732 5.000000
192.255 5.000000
187.039 5.000000
179.648 5.000000
544.525 5.000000
175.425 5.000000
175.227 5.000000
170.047 5.000000
464.379 5.000000
212.378 5.000000
211.757 5.000000
211.266 5.000000
210.152 5.000000
457.555 5.000000
457.864 5.000000
459.344 5.000000
460.943 5.000000
462.911 5.000000
169.522 5.000000
464.527 5.000000
465.448 5.000000
208.005 5.000000
207.344 5.000000
205.24 5.000000
204.878 5.000000
204.107 5.000000
203.827 5.000000
590.179 5.000000
583.331 5.000000
583.36 5.000000
585.995 5.000000
586.193 5.000000
586.332 5.000000
587.116 5.000000
587.635 5.000000
589.282 5.000000
589.571 5.000000
582.851 5.000000
590.245 5.000000
592.376 5.000000
592.558 5.000000
593.073 5.000000
593.553 5.000000
595.772 5.000000
595.927 5.000000
596.367 5.000000
597.794 5.000000
573.742 5.000000
168.818 5.000000
167.855 5.000000
562.829 5.000000
568.576 5.000000
569.511 5.000000
570.899 5.000000
571.144 5.000000
572.733 5.000000
573.297 5.000000
673.625 5.000000
573.888 5.000000
574.324 5.000000
575.581 5.000000
165.141 5.000000
578.817 5.000000
579.975 5.000000
580.488 5.000000
581.816 5.000000
